   3.9874748e+00   1.8744105e-01   3.7500000e+00   1.2524227e+00   3.8763994e-02   4.7007457e-02  -8.2434634e-03   6.0000000e-01   1.5000000e-02   1.0000000e+00  -5.0000000e-02   0.0000000e+00   1.0000000e+00  -1.1788792e-02   2.5078528e-01   9.9999999e-09   2.9564368e-15   2.9564368e-15   9.9999371e-09  -1.1788717e-06   2.5078370e-05
   3.9615466e+00   3.9506662e-01   4.0500000e+00   1.2593923e+00   1.1129767e-01   9.9725352e-02   1.1572322e-02   6.0000000e-01   4.5000000e-02   1.0000000e+00  -5.0000000e-02   0.0000000e+00   1.0000000e+00  -2.5173300e-02   2.5242666e-01   2.0024995e-08  -4.9996200e-10  -4.9996200e-10   1.9999681e-08  -6.3029896e-06   5.0610384e-05
   3.9370809e+00   5.7983611e-01   4.0562034e+00   1.2757205e+00   2.5930207e-01   1.4727564e-01   1.1202643e-01   5.5299254e-01   7.3824814e-02   1.0000000e+00  -5.0000000e-02   0.0000000e+00   1.0000000e+00  -3.7406731e-02   2.5399518e-01   3.0124968e-08  -1.4998303e-09  -1.4998303e-09   2.9999092e-08  -1.5078263e-05   7.6757284e-05
   3.9198296e+00   7.7249451e-01   4.0032128e+00   1.2662305e+00  -1.4877824e-01   1.9707349e-01  -3.4585173e-01   5.0027465e-01   1.0015649e-01   1.0000000e+00  -5.0000000e-02   0.0000000e+00   1.0000000e+00  -5.0278614e-02   2.5511376e-01   4.0349871e-08  -2.9994956e-09  -2.9994956e-09   3.9998020e-08  -2.7939482e-05   1.0354856e-04
   3.8726980e+00   9.6228082e-01   3.9561609e+00   1.2858423e+00   3.0976610e-01   2.4847815e-01   6.1287952e-02   4.5272436e-01   1.2398147e-01   1.0000000e+00  -5.0000000e-02   0.0000000e+00   1.0000000e+00  -6.4160876e-02   2.5821773e-01   5.0749609e-08  -4.9987949e-09  -4.9987949e-09   4.9996269e-08  -4.5469168e-05   1.3230650e-04
   3.8164498e+00   1.1637543e+00   3.8712865e+00   1.2916383e+00   9.0151821e-02   3.0493112e-01  -2.1477930e-01   4.0292651e-01   1.4537274e-01   1.0000000e+00  -5.0000000e-02   0.0000000e+00   1.0000000e+00  -7.9902181e-02   2.6202463e-01   6.1374007e-08  -7.4974875e-09  -7.4974875e-09   5.9993606e-08  -6.8684435e-05   1.6318868e-04
   3.7393396e+00   1.3471192e+00   3.7514706e+00   1.3068549e+00   2.3561716e-01   3.6025590e-01  -1.2463874e-01   3.5152185e-01   1.6423395e-01   1.0000000e+00  -5.0000000e-02   0.0000000e+00   1.0000000e+00  -9.6344506e-02   2.6742777e-01   7.2272785e-08  -1.0495240e-08  -1.0495240e-08   6.9989713e-08  -9.7698045e-05   1.9728352e-04
   3.6831489e+00   1.5326348e+00   3.5744004e+00   1.3252086e+00   2.8088271e-01   4.1612077e-01  -1.3523806e-01   2.9506888e-01   1.8039872e-01   1.0000000e+00  -5.0000000e-02   0.0000000e+00   1.0000000e+00  -1.1298304e-01   2.7150813e-01   8.3495532e-08  -1.3991643e-08  -1.3991643e-08   7.9984285e-08  -1.3232424e-04   2.3297202e-04
   3.6128636e+00   1.7019892e+00   3.3761550e+00   1.3631011e+00   5.7187297e-01   4.7109147e-01   1.0078151e-01   2.3974410e-01   1.9376904e-01   1.0000000e+00  -5.0000000e-02   0.0000000e+00   1.0000000e+00  -1.3038945e-01   2.7678740e-01   9.5091637e-08  -1.7986121e-08  -1.7986121e-08   8.9976859e-08  -1.7377278e-04   2.7249662e-04
   3.5028676e+00   1.8728493e+00   3.1468716e+00   1.3802052e+00   2.5095873e-01   5.3466173e-01  -2.8370300e-01   1.8387923e-01   2.0435962e-01   1.0000000e+00  -5.0000000e-02   0.0000000e+00   1.0000000e+00  -1.5264846e-01   2.8548565e-01   1.0711001e-07  -2.2477685e-08  -2.2477685e-08   9.9966637e-08  -2.2767234e-04   3.1970225e-04
   3.4099894e+00   2.0171486e+00   2.8952444e+00   1.4232919e+00   6.2435171e-01   5.9154101e-01   3.2810697e-02   1.2890853e-01   2.1217932e-01   1.0000000e+00  -5.0000000e-02   0.0000000e+00   1.0000000e+00  -1.7347097e-01   2.9325523e-01   1.1959940e-07  -2.7465356e-08  -2.7465356e-08   1.0995294e-07  -2.8801382e-04   3.7008716e-04
   3.3037055e+00   2.1384840e+00   2.5623845e+00   1.4708193e+00   6.6785192e-01   6.4729862e-01   2.0553296e-02   6.5338267e-02   2.1703549e-01   1.0000000e+00  -5.0000000e-02   0.0000000e+00   1.0000000e+00  -1.9592941e-01   3.0268975e-01   1.3260788e-07  -3.2947626e-08  -3.2947626e-08   1.1993465e-07  -3.5954693e-04   4.2758398e-04
   3.2082756e+00   2.2378637e+00   2.2395581e+00   1.5202982e+00   6.7280705e-01   6.9752851e-01  -2.4721464e-02   8.4589868e-03   2.1888042e-01   1.0000000e+00  -5.0000000e-02   0.0000000e+00   1.0000000e+00  -2.1741804e-01   3.1169497e-01   1.4618319e-07  -3.8922855e-08  -3.8922855e-08   1.2991068e-07  -4.3914922e-04   4.8955037e-04
   3.1129056e+00   2.3400686e+00   1.8953026e+00   1.5754311e+00   7.2529060e-01   7.5173130e-01  -2.6440694e-02  -4.7298622e-02   2.1790943e-01   1.0000000e+00  -5.0000000e-02   0.0000000e+00   1.0000000e+00  -2.4149234e-01   3.2124473e-01   1.6037183e-07  -4.5388581e-08  -4.5388581e-08   1.3987943e-07  -5.3309410e-04   5.5896523e-04
   2.9851792e+00   2.4251360e+00   1.5577164e+00   1.6159873e+00   5.1485868e-01   8.1239211e-01  -2.9753343e-01  -9.7528511e-02   2.1428875e-01   1.0000000e+00  -5.0000000e-02   0.0000000e+00   1.0000000e+00  -2.7219876e-01   3.3501006e-01   1.7521782e-07  -5.2340500e-08  -5.2340500e-08   1.4983788e-07  -6.5228667e-04   6.4444216e-04
   2.8756162e+00   2.4946555e+00   1.1701848e+00   1.6788802e+00   7.7838282e-01   8.6752033e-01  -8.9137510e-02  -1.5173130e-01   2.0805726e-01   1.0000000e+00  -5.0000000e-02   0.0000000e+00   1.0000000e+00  -3.0170414e-01   3.4776000e-01   1.9076506e-07  -5.9774706e-08  -5.9774706e-08   1.5978368e-07  -7.8341861e-04   7.3600650e-04
   2.7560475e+00   2.5374867e+00   7.1518903e-01   1.7385609e+00   7.1095846e-01   9.2069774e-01  -2.0973928e-01  -2.1239211e-01   1.9895417e-01   1.0000000e+00  -5.0000000e-02   0.0000000e+00   1.0000000e+00  -3.3413550e-01   3.6286435e-01   2.0705406e-07  -6.7684909e-08  -6.7684909e-08   1.6971274e-07  -9.3744552e-04   8.4198636e-04
   2.6369617e+00   2.5490533e+00   2.6444160e-01   1.8055336e+00   7.7043852e-01   9.6666301e-01  -1.9622449e-01  -2.6752033e-01   1.8695636e-01   1.0000000e+00  -5.0000000e-02   0.0000000e+00   1.0000000e+00  -3.6666986e-01   3.7925567e-01   2.2412346e-07  -7.6063864e-08  -7.6063864e-08   1.7962049e-07  -1.1102697e-03   9.6012417e-04
   2.5190820e+00   2.5439205e+00  -2.0167736e-01   1.8968058e+00   1.0110272e+00   1.0098602e+00   1.1669960e-03  -3.2069774e-01   1.7225091e-01   1.0000000e+00  -5.0000000e-02   0.0000000e+00   1.0000000e+00  -4.0088352e-01   3.9696977e-01   2.4200786e-07  -8.4901924e-08  -8.4901924e-08   1.8950099e-07  -1.3072046e-03   1.0926195e-03
   2.3864775e+00   2.5061720e+00  -6.4930914e-01   1.9976334e+00   1.0631306e+00   1.0501553e+00   1.2975335e-02  -3.6666301e-01   1.5506689e-01   1.0000000e+00  -5.0000000e-02   0.0000000e+00   1.0000000e+00  -4.4003383e-01   4.1902410e-01   2.6073375e-07  -9.4184035e-08  -9.4184035e-08   1.9934462e-07  -1.5419705e-03   1.2497436e-03
   2.2608950e+00   2.4524741e+00  -1.1026229e+00   2.0916366e+00   9.4114593e-01   1.0847360e+00  -1.4359003e-01  -4.0986017e-01   1.3565381e-01   1.0000000e+00  -5.0000000e-02   0.0000000e+00   1.0000000e+00  -4.7993191e-01   4.4235351e-01   2.8032424e-07  -1.0389390e-07  -1.0389390e-07   2.0914160e-07  -1.8049438e-03   1.4237652e-03
   2.1632270e+00   2.3787469e+00  -1.5593975e+00   2.2044442e+00   1.0786538e+00   1.0996289e+00  -2.0975063e-02  -4.5015528e-01   1.1415342e-01   1.0000000e+00  -5.0000000e-02   0.0000000e+00   1.0000000e+00  -5.0835547e-01   4.6228157e-01   3.0081289e-07  -1.1402313e-07  -1.1402313e-07   2.1888786e-07  -2.0563067e-03   1.5915211e-03
   2.0402686e+00   2.2691904e+00  -2.0006043e+00   2.3274798e+00   1.1162509e+00   1.1122018e+00   4.0490231e-03  -4.8473596e-01   9.0781143e-02   1.0000000e+00  -5.0000000e-02   0.0000000e+00   1.0000000e+00  -5.4511832e-01   4.9012924e-01   3.2220104e-07  -1.2454078e-07  -1.2454078e-07   2.2856346e-07  -2.3667877e-03   1.7991509e-03
   1.9356548e+00   2.1569628e+00  -2.3360531e+00   2.4402721e+00   9.6922263e-01   1.1143324e+00  -1.4510975e-01  -4.9962889e-01   6.6172021e-02   1.0000000e+00  -5.0000000e-02   0.0000000e+00   1.0000000e+00  -5.7599803e-01   5.1672530e-01   3.4450420e-07  -1.3542786e-07  -1.3542786e-07   2.3815813e-07  -2.6841274e-03   2.0106851e-03
   1.8115468e+00   2.0101072e+00  -2.6644485e+00   2.5748071e+00   1.1026223e+00   1.1096083e+00  -6.9859871e-03  -5.1220183e-01   4.0876253e-02   1.0000000e+00  -5.0000000e-02   0.0000000e+00   1.0000000e+00  -6.1253915e-01   5.5202100e-01   3.6770198e-07  -1.4664001e-07  -1.4664001e-07   2.4764337e-07  -3.0618022e-03   2.2652709e-03
   1.7209135e+00   1.8816841e+00  -2.9338653e+00   2.7602693e+00   1.4405916e+00   1.0934216e+00   3.4716992e-01  -5.1433238e-01   1.5212898e-02   1.0000000e+00  -5.0000000e-02   0.0000000e+00   1.0000000e+00  -6.3420485e-01   5.8068658e-01   3.9182256e-07  -1.5816974e-07  -1.5816974e-07   2.5701832e-07  -3.4034282e-03   2.4955911e-03
   1.6380688e+00   1.7219188e+00  -3.1615058e+00   2.9123252e+00   1.1017467e+00   1.0511883e+00   5.0558366e-02  -5.0960826e-01  -1.0385618e-02   1.0000000e+00  -5.0000000e-02   0.0000000e+00   1.0000000e+00  -6.4152516e-01   6.1040473e-01   4.1689842e-07  -1.7000832e-07  -1.7000832e-07   2.6627765e-07  -3.7122470e-03   2.7160175e-03
   1.5370325e+00   1.5596318e+00  -3.3151435e+00   3.0452644e+00   9.1294216e-01   1.0147032e+00  -1.0176101e-01  -4.9342164e-01  -3.5461366e-02   1.0000000e+00  -5.0000000e-02   0.0000000e+00   1.0000000e+00  -6.6066112e-01   6.5078226e-01   4.4286713e-07  -1.8208521e-07  -1.8208521e-07   2.7537641e-07  -4.1108292e-03   2.9950670e-03
   1.4354618e+00   1.4077536e+00  -3.2978961e+00   3.2398079e+00   1.2776787e+00   9.8069738e-01   2.9698136e-01  -4.5118833e-01  -5.9076615e-02   1.0000000e+00  -5.0000000e-02   0.0000000e+00   1.0000000e+00  -6.8142299e-01   6.9598078e-01   4.6967977e-07  -1.9434206e-07  -1.9434206e-07   2.8427962e-07  -4.5530893e-03   3.3028229e-03
   1.3703646e+00   1.2335808e+00  -3.2954580e+00   3.4823992e+00   1.4975658e+00   9.0018443e-01   5.9738134e-01  -4.1470316e-01  -8.0723902e-02   1.0000000e+00  -5.0000000e-02   0.0000000e+00   1.0000000e+00  -6.5305306e-01   7.2821449e-01   4.9755002e-07  -2.0688912e-07  -2.0688912e-07   2.9305807e-07  -4.7558622e-03   3.4851871e-03
   1.3135136e+00   1.0918665e+00  -3.2902734e+00   3.6465201e+00   9.4257402e-01   8.3125637e-01   1.1131765e-01  -3.8069738e-01  -1.0060892e-01   1.0000000e+00  -5.0000000e-02   0.0000000e+00   1.0000000e+00  -6.3207138e-01   7.6099247e-01   5.2645718e-07  -2.1968897e-07  -2.1968897e-07   3.0169241e-07  -4.9994017e-03   3.6844476e-03
   1.2546625e+00   9.4066874e-01  -2.9774162e+00   3.8132074e+00   9.1422638e-01   7.4973849e-01   1.6448789e-01  -3.0018443e-01  -1.1763096e-01   1.0000000e+00  -5.0000000e-02   0.0000000e+00   1.0000000e+00  -5.9634212e-01   7.9648365e-01   5.5648824e-07  -2.3276530e-07  -2.3276530e-07   3.1019421e-07  -5.1725113e-03   3.8587237e-03
   1.2209057e+00   8.0262686e-01  -2.6967080e+00   3.9739363e+00   8.4301171e-01   6.5740283e-01   1.8560888e-01  -2.3125637e-01  -1.3091698e-01   1.0000000e+00  -5.0000000e-02   0.0000000e+00   1.0000000e+00  -5.3711253e-01   8.1841663e-01   5.8784855e-07  -2.4622974e-07  -2.4622974e-07   3.1864014e-07  -5.1725934e-03   3.9303347e-03
   1.1802142e+00   6.8679824e-01  -2.3028495e+00   4.1086767e+00   6.7812042e-01   5.8192679e-01   9.6193634e-02  -1.4973849e-01  -1.4044185e-01   1.0000000e+00  -5.0000000e-02   0.0000000e+00   1.0000000e+00  -4.9236285e-01   8.4693874e-01   6.2048751e-07  -2.6001986e-07  -2.6001986e-07   3.2699025e-07  -5.2572589e-03   4.0496482e-03
   1.1398262e+00   6.0798960e-01  -1.8006209e+00   4.2256359e+00   5.6932811e-01   5.3340551e-01   3.5922599e-02  -5.7402833e-02  -1.4562039e-01   1.0000000e+00  -5.0000000e-02   0.0000000e+00   1.0000000e+00  -4.6769132e-01   8.7717470e-01   6.5430264e-07  -2.7404796e-07  -2.7404796e-07   3.3519653e-07  -5.4639961e-03   4.2219577e-03
   1.1085912e+00   5.5318201e-01  -1.3575970e+00   4.3968694e+00   8.1045076e-01   4.9899551e-01   3.1145526e-01   1.8073212e-02  -1.4660363e-01   1.0000000e+00  -5.0000000e-02   0.0000000e+00   1.0000000e+00  -4.4755980e-01   9.0059887e-01   6.8929645e-07  -2.8830205e-07  -2.8830205e-07   3.4326401e-07  -5.6814589e-03   4.3817559e-03
   1.0681965e+00   4.9195065e-01  -1.0453024e+00   4.5128691e+00   5.2764684e-01   4.6054321e-01   6.7103627e-02   6.6594487e-02  -1.4448693e-01   1.0000000e+00  -5.0000000e-02   0.0000000e+00   1.0000000e+00  -4.3054469e-01   9.3580480e-01   7.2541289e-07  -3.0271296e-07  -3.0271296e-07   3.5114327e-07  -5.9560290e-03   4.5893301e-03
   1.0392479e+00   4.5543570e-01  -7.9694264e-01   4.6730077e+00   7.0969739e-01   4.3823587e-01   2.7146152e-01   1.0100449e-01  -1.4029696e-01   1.0000000e+00  -5.0000000e-02   0.0000000e+00   1.0000000e+00  -4.1909804e-01   9.6065610e-01   7.6263496e-07  -3.1726575e-07  -3.1726575e-07   3.5884481e-07  -6.2440210e-03   4.7769191e-03
   1.0094496e+00   4.3412270e-01  -5.0611356e-01   4.8130046e+00   5.9917257e-01   4.3005883e-01   1.6911374e-01   1.3945679e-01  -1.3428543e-01   1.0000000e+00  -5.0000000e-02   0.0000000e+00   1.0000000e+00  -4.2423364e-01   9.8952270e-01   8.0076056e-07  -3.3181972e-07  -3.3181972e-07   3.6629252e-07  -6.6805271e-03   5.0322385e-03
   9.9032627e-01   4.0123593e-01  -2.9696424e-01   4.9428729e+00   5.3965588e-01   4.0515530e-01   1.3450058e-01   1.6176413e-01  -1.2675490e-01   1.0000000e+00  -5.0000000e-02   0.0000000e+00   1.0000000e+00  -4.0762383e-01   1.0088124e+00   8.4003091e-07  -3.4651986e-07  -3.4651986e-07   3.7358618e-07  -6.9199016e-03   5.1812813e-03
   9.7942965e-01   3.9453881e-01  -1.6497572e-01   5.0472759e+00   4.2243855e-01   4.0282506e-01   1.9613487e-02   1.6994117e-01  -1.1846227e-01   1.0000000e+00  -5.0000000e-02   0.0000000e+00   1.0000000e+00  -4.1105327e-01   1.0208517e+00   8.8023346e-07  -3.6124152e-07  -3.6124152e-07   3.8067668e-07  -7.3059688e-03   5.3710396e-03
   9.5810688e-01   3.9949361e-01   7.5641976e-02   5.1189312e+00   2.8393661e-01   4.1696142e-01  -1.3302481e-01   1.9484470e-01  -1.0934263e-01   1.0000000e+00  -5.0000000e-02   0.0000000e+00   1.0000000e+00  -4.3699873e-01   1.0448892e+00   9.2092865e-07  -3.7570881e-07  -3.7570881e-07   3.8740848e-07  -7.9501874e-03   5.6898321e-03
   9.3583326e-01   4.1533498e-01   1.8762829e-01   5.2141300e+00   3.7194792e-01   4.4381301e-01  -7.1865087e-02   1.9717494e-01  -9.9542134e-02   1.0000000e+00  -5.0000000e-02   0.0000000e+00   1.0000000e+00  -4.7539122e-01   1.0692918e+00   9.6174831e-07  -3.8972409e-07  -3.8972409e-07   3.9369363e-07  -8.7393545e-03   6.0624476e-03
   8.9918204e-01   4.2456060e-01   1.9786349e-01   5.3467014e+00   5.0850833e-01   4.7216313e-01   3.6345204e-02   1.8303858e-01  -9.0036796e-02   1.0000000e+00  -5.0000000e-02   0.0000000e+00   1.0000000e+00  -5.2438676e-01   1.1116790e+00   1.0021101e-06  -4.0295029e-07  -4.0295029e-07   3.9934629e-07  -9.7344465e-03   6.5524667e-03
   8.6931967e-01   4.2282080e-01   1.2156037e-01   5.5657084e+00   8.1922260e-01   4.8638126e-01   3.3284134e-01   1.5618699e-01  -8.1556157e-02   1.0000000e+00  -5.0000000e-02   0.0000000e+00   1.0000000e+00  -5.5188885e-01   1.1456492e+00   1.0421987e-06  -4.1553405e-07  -4.1553405e-07   4.0448082e-07  -1.0512341e-02   6.9272173e-03
   8.5326007e-01   4.3510845e-01   2.2465642e-02   5.7537974e+00   6.7588515e-01   5.0993650e-01   1.6594865e-01   1.2783687e-01  -7.4455561e-02   1.0000000e+00  -5.0000000e-02   0.0000000e+00   1.0000000e+00  -5.9326137e-01   1.1693396e+00   1.0815357e-06  -4.2727635e-07  -4.2727635e-07   4.0904220e-07  -1.1412645e-02   7.3179582e-03
   8.4342812e-01   4.3928895e-01  -2.4792564e-03   5.8846699e+00   4.5490825e-01   5.2083745e-01  -6.5929197e-02   1.1361874e-01  -6.8419170e-02   1.0000000e+00  -5.0000000e-02   0.0000000e+00   1.0000000e+00  -6.1943732e-01   1.1867828e+00   1.1202961e-06  -4.3832305e-07  -4.3832305e-07   4.1314074e-07  -1.2141475e-02   7.6182197e-03
   8.3443502e-01   4.3785736e-01  -9.2890125e-02   5.9338850e+00   1.6726543e-01   5.2473512e-01  -3.5746968e-01   9.0063503e-02  -6.3327114e-02   1.0000000e+00  -5.0000000e-02   0.0000000e+00   1.0000000e+00  -6.4011539e-01   1.2051545e+00   1.1584231e-06  -4.4867403e-07  -4.4867403e-07   4.1679508e-07  -1.2822460e-02   7.8950561e-03
   8.0021116e-01   4.2924796e-01  -1.1598930e-01   5.9893443e+00   1.8692420e-01   5.3641836e-01  -3.4949416e-01   7.9162555e-02  -5.9096463e-02   1.0000000e+00  -5.0000000e-02   0.0000000e+00   1.0000000e+00  -6.8347863e-01   1.2574699e+00   1.1945631e-06  -4.5757751e-07  -4.5757751e-07   4.1958825e-07  -1.3918483e-02   8.4036404e-03
   7.7304031e-01   4.2150750e-01  -1.0076846e-01   6.2335173e+00   8.1535802e-01   5.4525941e-01   2.7009861e-01   7.5264884e-02  -5.5235777e-02   1.0000000e+00  -5.0000000e-02   0.0000000e+00   1.0000000e+00  -6.9412360e-01   1.2869180e+00   1.2298012e-06  -4.6569800e-07  -4.6569800e-07   4.2192191e-07  -1.4529492e-02   8.6623087e-03
   7.6517583e-01   4.2836276e-01  -1.3615630e-01   6.4662442e+00   7.4669529e-01   5.5982265e-01   1.8687265e-01   6.3581639e-02  -5.1764614e-02   1.0000000e+00  -5.0000000e-02   0.0000000e+00   1.0000000e+00  -7.2316919e-01   1.3019134e+00   1.2634958e-06  -4.7281097e-07  -4.7281097e-07   4.2375111e-07  -1.5292802e-02   8.9360957e-03
   7.4415987e-01   3.9989933e-01  -1.5962203e-01   6.5541559e+00   2.7190957e-01   5.3738363e-01  -2.6547407e-01   5.4740592e-02  -4.8806558e-02   1.0000000e+00  -5.0000000e-02   0.0000000e+00   1.0000000e+00  -7.3526100e-01   1.3517026e+00   1.2956052e-06  -4.7880797e-07  -4.7880797e-07   4.2495418e-07  -1.5998140e-02   9.2646050e-03
   7.2910954e-01   3.9061623e-01  -2.2327196e-01   6.7319530e+00   5.4254792e-01   5.3574424e-01   6.8036852e-03   4.0177355e-02  -4.6433609e-02   1.0000000e+00  -5.0000000e-02   0.0000000e+00   1.0000000e+00  -7.3443881e-01   1.3713210e+00   1.3270091e-06  -4.8426329e-07  -4.8426329e-07   4.2589804e-07  -1.6386874e-02   9.3970466e-03
   7.1380606e-01   3.7679160e-01  -6.2939453e-02   6.8449272e+00   3.3563565e-01   5.2786271e-01  -1.9222706e-01   6.2616368e-02  -4.3863766e-02   1.0000000e+00  -5.0000000e-02   0.0000000e+00   1.0000000e+00  -7.5031199e-01   1.4075807e+00   1.3566183e-06  -4.8862286e-07  -4.8862286e-07   4.2630007e-07  -1.7056631e-02   9.6667137e-03
   6.8889631e-01   3.6963175e-01  -2.1385039e-02   7.0027901e+00   4.6125517e-01   5.3655644e-01  -7.5301271e-02   6.4255765e-02  -4.0691963e-02   1.0000000e+00  -5.0000000e-02   0.0000000e+00   1.0000000e+00  -7.8367401e-01   1.4545414e+00   1.3832378e-06  -4.9133522e-07  -4.9133522e-07   4.2591059e-07  -1.7986749e-02   1.0045512e-02
   6.8579959e-01   3.6969733e-01   6.0002358e-02   7.2743554e+00   7.7559152e-01   5.3907489e-01   2.3651663e-01   7.2137287e-02  -3.7282137e-02   1.0000000e+00  -5.0000000e-02   0.0000000e+00   1.0000000e+00  -7.7098705e-01   1.4488780e+00   1.4099796e-06  -4.9411740e-07  -4.9411740e-07   4.2566611e-07  -1.8029918e-02   9.9769638e-03
   6.8452457e-01   3.7425117e-01   4.1735195e-02   7.2854916e+00   3.0617898e-02   5.4673153e-01  -5.1611363e-01   6.3443558e-02  -3.3892615e-02   1.0000000e+00  -5.0000000e-02   0.0000000e+00   1.0000000e+00  -8.3546355e-01   1.4831429e+00   1.4319927e-06  -4.9461969e-07  -4.9461969e-07   4.2443838e-07  -1.9299694e-02   1.0427395e-02
   6.6876913e-01   3.5989857e-01   5.7716702e-02   7.2885396e+00   8.3672657e-03   5.3815069e-01  -5.2978342e-01   6.0925115e-02  -3.0783399e-02   1.0000000e+00  -5.0000000e-02   0.0000000e+00   1.0000000e+00  -8.4479822e-01   1.5198919e+00   1.4520721e-06  -4.9416350e-07  -4.9416350e-07   4.2281874e-07  -1.9777830e-02   1.0601072e-02
   6.6380296e-01   3.5803767e-01   4.0325225e-02   7.4810514e+00   5.2825895e-01   5.3937342e-01  -1.1114474e-02   5.3268469e-02  -2.7928559e-02   1.0000000e+00  -5.0000000e-02   0.0000000e+00   1.0000000e+00  -8.1336724e-01   1.5069775e+00   1.4735392e-06  -4.9448004e-07  -4.9448004e-07   4.2170116e-07  -1.9436988e-02   1.0376880e-02
   6.4687961e-01   3.5510728e-01   1.2058974e-01   7.5384338e+00   1.5340732e-01   5.4895419e-01  -3.9554688e-01   6.1849314e-02  -2.5050614e-02   1.0000000e+00  -5.0000000e-02   0.0000000e+00   1.0000000e+00  -8.8246769e-01   1.5665771e+00   1.4889823e-06  -4.9198159e-07  -4.9198159e-07   4.1935779e-07  -2.0847059e-02   1.0911142e-02
   6.3185585e-01   3.6739486e-01   1.4387232e-01   7.7421958e+00   5.4059510e-01   5.8145359e-01  -4.0858499e-02   6.0626581e-02  -2.1988717e-02   1.0000000e+00  -5.0000000e-02   0.0000000e+00   1.0000000e+00  -9.2409336e-01   1.5849398e+00   1.5007385e-06  -4.8800855e-07  -4.8800855e-07   4.1652947e-07  -2.1602867e-02   1.1111396e-02
   6.0670387e-01   3.7953661e-01   1.1430576e-01   7.9220015e+00   4.6448235e-01   6.2557143e-01  -1.6108907e-01   5.1045806e-02  -1.9196907e-02   1.0000000e+00  -5.0000000e-02   0.0000000e+00   1.0000000e+00  -1.0503342e+00   1.6591875e+00   1.5016599e-06  -4.7936404e-07  -4.7936404e-07   4.1178867e-07  -2.3725996e-02   1.1867271e-02
   5.9420189e-01   3.8698999e-01  -6.3292590e-02   8.2336886e+00   7.8688971e-01   6.5127694e-01   1.3561277e-01   1.8546405e-02  -1.7457102e-02   1.0000000e+00  -5.0000000e-02   0.0000000e+00   1.0000000e+00  -1.0788201e+00   1.6733025e+00   1.5000217e-06  -4.7001128e-07  -4.7001128e-07   4.0699536e-07  -2.4047247e-02   1.1880840e-02
   5.8410152e-01   3.7600102e-01  -3.2975584e-01   8.4281271e+00   4.7229996e-01   6.4372547e-01  -1.7142551e-01  -2.5571427e-02  -1.7632728e-02   1.0000000e+00  -5.0000000e-02   0.0000000e+00   1.0000000e+00  -1.1255665e+00   1.7251885e+00   1.4937502e-06  -4.5892057e-07  -4.5892057e-07   4.0161970e-07  -2.4730396e-02   1.2094153e-02
   5.5927638e-01   3.4176377e-01  -5.0320101e-01   8.5558218e+00   3.0302040e-01   6.1108208e-01  -3.0806167e-01  -5.1276941e-02  -1.9553937e-02   1.0000000e+00  -5.0000000e-02   0.0000000e+00   1.0000000e+00  -1.1381026e+00   1.8143264e+00   1.4847918e-06  -4.4669851e-07  -4.4669851e-07   3.9577436e-07  -2.5003023e-02   1.2264526e-02
   5.3037007e-01   3.2279381e-01  -4.8164277e-01   8.9470179e+00   9.1445577e-01   6.0861995e-01   3.0583582e-01  -4.3725466e-02  -2.1928997e-02   1.0000000e+00  -5.0000000e-02   0.0000000e+00   1.0000000e+00  -1.1009425e+00   1.8579981e+00   1.4780100e-06  -4.3560381e-07  -4.3560381e-07   3.9049940e-07  -2.4365550e-02   1.2051219e-02
   5.1784150e-01   3.1322775e-01  -2.9948433e-01   9.4381180e+00   1.0977963e+00   6.0487187e-01   4.9292444e-01  -1.1082079e-02  -2.3299186e-02   1.0000000e+00  -5.0000000e-02   0.0000000e+00   1.0000000e+00  -1.0917105e+00   1.8856032e+00   1.4715957e-06  -4.2498061e-07  -4.2498061e-07   3.8558721e-07  -2.4079012e-02   1.1910203e-02
   5.0078878e-01   3.1503155e-01  -2.8963707e-01   9.6471450e+00   4.4294196e-01   6.2907071e-01  -1.8612875e-01  -8.6199512e-03  -2.3791736e-02   1.0000000e+00  -5.0000000e-02   0.0000000e+00   1.0000000e+00  -1.2937773e+00   2.0183630e+00   1.4477174e-06  -4.0725182e-07  -4.0725182e-07   3.7787842e-07  -2.6950060e-02   1.2895890e-02
   4.8619308e-01   2.9888167e-01  -2.7052153e-01   9.9657684e+00   6.6055486e-01   6.1473864e-01   4.5816221e-02  -4.8718684e-03  -2.4129032e-02   1.0000000e+00  -5.0000000e-02   0.0000000e+00   1.0000000e+00  -1.2552819e+00   2.0514666e+00   1.4278398e-06  -3.9160589e-07  -3.9160589e-07   3.7120416e-07  -2.5957078e-02   1.2530887e-02
   4.5249724e-01   2.6374505e-01  -4.2420021e-01   1.0283083e+01   6.3680953e-01   5.8286554e-01   5.3943993e-02  -2.9070708e-02  -2.4977596e-02   1.0000000e+00  -5.0000000e-02   0.0000000e+00   1.0000000e+00  -1.2760146e+00   2.2026324e+00   1.4049169e-06  -3.7448804e-07  -3.7448804e-07   3.6376959e-07  -2.6175540e-02   1.2791029e-02
   3.9659590e-01   2.7366667e-01  -3.4916013e-01   1.1065627e+01   1.5220017e+00   6.9003910e-01   8.3196256e-01  -1.4738638e-02  -2.6072830e-02   1.0000000e+00  -5.0000000e-02   0.0000000e+00   1.0000000e+00  -1.4667270e+00   2.3685515e+00   1.3664437e-06  -3.5123401e-07  -3.5123401e-07   3.5399011e-07  -2.8361156e-02   1.3536082e-02
